4028d89231523c110131524d39036970	15966503144	10	17	3	6	202
4028d89231523c110131524d393269f6	15966312976	11	7	16	12	304
4028d89231523c110131526f2ce809d8	18821098640	18	16	15	8	202
4028d89231523c110131525aa19167d9	18818414255	19	4	13	10	503
4028d89231523c110131524ccd1a405f	18821098640	3	14	17	19	202
4028d89231523c110131524ee24e4629	18821098640	15	16	17	13	202
4028d89231523c11013152406a24397e	15957173020	15	18	17	6	202
4028d88a2d354302012d3546c4e46fa3	15953542770	4	6	10	13	202
4028d89231523c110131526a68154e60	18801626628	16	15	16	14	202
4028d88a2d354302012d3549177f695f	18801626628	6	8	17	4	404
4028d89231523c110131524bbacf448d	18801626628	14	2	12	13	202
4028d89231523c110131523f0b212c11	13987693366	3	12	14	4	202
4028d89231523c110131525a1f2326c8	13986278853	5	16	12	19	403
4028d88a2d354302012d3546c3fa4e71	13986088730	6	12	17	14	202
4028d88a3098b008013098b15b3e6d45	15953542770	9	3	14	15	202
4028d88a2d354302012d3546c4775feb	15953542770	18	15	16	4	404
4028d88a2d354302012d3546c5de05f6	15948389749	9	6	1	7	202
4028d89231523c110131524aa74c26f9	15150009209	19	11	3	16	202
4028d89231523c110131524aa44e1e48	15150009209	10	9	17	6	202
4028d89231523c110131524aa44e1e36	15150009209	5	13	8	17	202